1.1863
1.1863

14/31


20.13
45.7


2221.1-1778.9

442.2
978.9



707 0


b2ffff
191970

A = 1100
B = 4870
C = 1270
D = 9331
E = 2200

A = 110
B = 487
C = E / sqrt(3)
D = 3A + B - C/2 + (2C/sqrt(2))
E = 2 * A


C = 1270
A = C/2 * sqrt(3)
E = C * sqrt(3)
D = 3C/2 * 3sqrt(3) + B - C/2 + (2C/sqrt(2))
B = (D / sqrt(2)) - E


A = C/2 * sqrt(3)
C = A / sqrt(3) * 2
2C = C*sqrt(3)

S = sqrt(2)

D = 2/S [ 6AS + 2BS - CS + 4C ]


D = 3A + B - C/2 + (2C/sqrt(2))
D = 330 + 487 - 63.5 + 179.60.5122
D = 330 + 487 - 63.5 + 179.60.5122


D = 3A + B - A*sqrt(3) + (2C/sqrt(2))
D = 330 + 487 - 190.5255888) + 254/sqrt(2)
D = 330 + 487 - 190.5255888 + 254/sqrt(2)
D = 330 + 487 - 190.5255888 + 179.605122


4356
478
2178
681
198
140
276
751
239
338
0
1




A = 4356
B = 2178
C = 751
D = 681
E = 478
F = 338
G = 276
H = 239
J = 198
K = 140
L = 99
M = 70
N = 1
O = 0




A = 4356
B = 2178

338	276	239	0.0	0.024155646428539512	0.002092041053089133	0.026247687481628645	<<

A = 0
B = 1
C = 70
D = 99
E = 140
F = 198
G = 239
H = 276
I = 338
J = 478
K = 681
L = 751
M = 2178
N = 4356

A = 0
B = 1
C = 70
D = 99
C = 140
D = 198
E = 239
F = 276
G = 338
H = 478
I = 681
J = 751
K = 2178
L = 4356



X = 338
H = X / SQRT(1)
G = X / SQRT(2)
F = X / SQRT(3)
E = X / SQRT(4)
